CB	TNC   25.0290   98.5200    1650.0   0.0   0.0
CB	GYA   26.4600  106.6640    1162.0   0.0   0.0
LA	LXKH  19.4440  103.1718    1097.0   0.0   0.0
LA	LLPR  19.9255  102.1900     291.0   0.0   0.0
LA	LVIT  17.9952  102.6143     176.0   0.0   0.0
LA	LOUD  20.7118  101.9977     681.0   0.0   0.0
LA	LSAY  19.2645  101.6933     313.0   0.0   0.0
LA	LLNT  20.9300  101.4162     555.0   0.0   0.0
LA	LBOK  20.2567  100.4227     392.0   0.0   0.0
LA	LPAK  18.3955  103.6477     169.0   0.0   0.0
MM	KTN   21.2857   99.5898     832.0   0.0   0.0
MM	TGIM  20.7685   97.0340    1457.0   0.0   0.0
IC	KMI   25.1233  102.7400    1975.0   0.0   0.0
IC	QIZ   19.0290  109.8445     240.0   0.0   0.0
IC	ENH   30.2760  109.4940     500.0   0.0   0.0
IU	CHTO  18.8140   98.9443     316.0   0.0   0.0
VN	TDV   21.4647  105.6457    1200.0   0.0   0.0
VN	BGV   21.2902  106.2275      15.0   0.0   0.0
VN	DHV   21.6268  105.1838      70.0   0.0   0.0
VN	HNV   20.9382  105.6888      50.0   0.0   0.0
VN	HBV   20.7962  105.3387      54.0   0.0   0.0
VN	PLV   20.8060  106.6302      90.0   0.0   0.0
VN	TQV   21.8283  105.2083      20.0   0.0   0.0
VN	DBV   21.3897  103.0183     480.0   0.0   0.0
VN	SPV   22.3383  103.8352    1550.0   0.0   0.0
VN	BVV   21.1022  105.3687     182.0   0.0   0.0
VN	DSV   20.5870  105.9738      60.0   0.0   0.0
VN	LNV   21.0773  106.1505      30.0   0.0   0.0
VN	SLV   21.3338  103.9050     700.0   0.0   0.0
VN	YTV   21.1517  106.7178     900.0   0.0   0.0
VN	MTV   21.5380  106.3420      44.0   0.0   0.0
VN	TGV   21.5898  103.4182     600.0   0.0   0.0
VN	LAV   20.1533  105.2477      53.0   0.0   0.0
VN	TLV   20.8747  105.2560     115.0   0.0   0.0
VN	BTV   20.7508  105.2877      70.0   0.0   0.0
VN	TTV   21.4660  104.3787     675.0   0.0   0.0
VN	THV   19.8508  105.7818       1.0   0.0   0.0
VN	LCV   22.0387  103.1543     250.0   0.0   0.0
VN	KSV   20.7508  105.2877      60.0   0.0   0.0
VN	MCV   20.8440  104.6355     825.0   0.0   0.0
VN	LCVB  22.0392  103.1550     205.0   0.0   0.0
VN	TGVB  21.5922  103.4180     574.0   0.0   0.0
VN	TTVB  21.4660  104.3787     675.0   0.0   0.0
VN	DHVB  21.6272  105.1843      70.0   0.0   0.0
VN	DBVB  21.3897  103.0183     480.0   0.0   0.0
VN	MCVB  20.8440  104.6355     825.0   0.0   0.0
VN	HBVB  20.8422  105.3277      54.0   0.0   0.0
VN	BGVB  21.2902  106.2275      13.0   0.0   0.0
VN	DSVB  20.5872  105.9745      87.0   0.0   0.0
VN	LAVB  20.1533  105.2477      53.0   0.0   0.0
VN	THVB  19.8508  105.7818       1.0   0.0   0.0
VN	VIVB  18.6503  105.6962      -6.0   0.0   0.0
VN	SLVB  21.3253  103.9065     607.0   0.0   0.0
VN	SPVB  22.3383  103.8352    1550.0   0.0   0.0
VN	PLVB  20.8048  106.6278       5.0   0.0   0.0
VN	VTVB  22.2527  104.8987      71.0   0.0   0.0
VN	HGVB  22.8358  104.9923     119.0   0.0   0.0
VN	BCVB  21.8848  105.7725      51.0   0.0   0.0
VN	CBVB  22.6523  106.1943     222.0   0.0   0.0
VN	LSVB  21.8527  106.7492     285.0   0.0   0.0
VN	HN1B  21.0248  105.8042      39.0   0.0   0.0
VN	CCVB  19.0485  104.8768      30.0   0.0   0.0
VN	TIYB  21.3348  107.3893      37.0   0.0   0.0
VN	MTVB  21.5373  106.3428      44.0   0.0   0.0
VN	MUV   21.3432  104.1085     485.0   0.0   0.0
VN	MLV   21.5060  104.0315     205.0   0.0   0.0
VN	BMV   21.4542  103.8533     380.0   0.0   0.0
VN	CLV   21.6130  103.9368     237.0   0.0   0.0
VN	MLIB  21.5060  104.0315     179.0   0.0   0.0
VN	NCV   21.6493  104.2387    1023.0   0.0   0.0
VN	MLVB  22.0418  103.1540     270.0   0.0   0.0
VN	CKV   21.5637  103.6875     337.0   0.0   0.0
VN	MUVB  21.3432  104.1085     485.0   0.0   0.0
VN	NCVB  21.6493  104.2387    1023.0   0.0   0.0
VN	CLVB  21.6130  103.9368     237.0   0.0   0.0
VN	CKVB  21.5637  103.6875     337.0   0.0   0.0
VN	BMIB  21.4542  103.8533     380.0   0.0   0.0
VN	MLAV  22.0418  103.1540     270.0   0.0   0.0
VN	VR08  21.5217  106.2197      81.0   0.0   0.0
VN	VR07  21.5558  106.2868      30.0   0.0   0.0
VN	VR09  21.4533  106.1512      28.0   0.0   0.0
VN	VR10  21.4042  106.0712      22.0   0.0   0.0
VN	VR06  21.6197  106.3703     101.0   0.0   0.0
VN	VR05  21.6713  106.4418     387.0   0.0   0.0
VN	VR04  21.7353  106.5393     382.0   0.0   0.0
VN	VR03  21.8017  106.6027     357.0   0.0   0.0
VN	VR01  21.9095  106.7405     343.0   0.0   0.0
VN	VR23  20.6572  105.0900     192.0   0.0   0.0
VN	VR18  20.9537  105.4888     101.0   0.0   0.0
VN	PLVO  20.8048  106.6278       5.0   0.0   0.0
VN	VIVO  18.6503  105.6962      -6.0   0.0   0.0
VN	SPVO  22.3900  103.8387    1289.0   0.0   0.0
VN	VR14  21.1597  105.7710      10.0   0.0   0.0
VN	VR16  21.0527  105.6223       0.0   0.0   0.0
VN	VR17  21.0033  105.5518      64.0   0.0   0.0
VN	VR19  20.8878  105.3845      50.0   0.0   0.0
VN	VR15  21.1087  105.7028       9.0   0.0   0.0
VN	VR12  21.2842  105.9190       9.0   0.0   0.0
VN	VR11  21.3395  106.0032      70.0   0.0   0.0
VN	VR24  20.6020  105.0347     147.0   0.0   0.0
VN	VR21  20.7567  105.2552     181.0   0.0   0.0
VN	VR13  21.2207  105.8517      15.0   0.0   0.0
VN	VR02  21.8580  106.6707     205.0   0.0   0.0
VN	VR22  20.6910  105.1762     221.0   0.0   0.0
VN	VR25  20.5183  104.9703     117.0   0.0   0.0
VN	BC2   21.9540  103.8777     570.0   0.0   0.0
VN	VCVB  21.5757  104.5943     357.0   0.0   0.0
VN	TYVB  21.3348  107.3893      30.0   0.0   0.0
VN	BKVB  22.1500  105.8562     129.0   0.0   0.0
VN	NNU   22.1438  102.9997     330.0   0.0   0.0
VN	CCA   21.9712  102.8682     435.0   0.0   0.0
VN	HUVB  16.4153  107.5688       8.0   0.0   0.0
VN	MTE2  22.4857  102.6185     342.0   0.0   0.0
VN	CB02  22.6870  106.6765     365.0   0.0   0.0
VN	CB01  22.8790  106.6847     433.0   0.0   0.0
VN	TGI   20.7685   97.0340    1457.0   0.0   0.0
VN	CB03  22.9343  106.6703     499.0   0.0   0.0
TM	CMMT  18.8138   98.9443     374.0   0.0   0.0
TM	MHIT  19.3148   97.9632     270.0   0.0   0.0
TM	UBPT  15.2773  105.4690     120.0   0.0   0.0
TM	PANO  17.1477  104.6122     136.0   0.0   0.0
TM	LOEI  17.5092  101.6243     305.0   0.0   0.0
TM	CRAI  20.2290  100.3735     357.0   0.0   0.0
TM	PBKT  16.5735  100.9688     780.0   0.0   0.0
TM	NONG  18.0635  103.1457     103.0   0.0   0.0
TM	PHRA  18.4988  100.2293     187.0   0.0   0.0
TM	CMAI  19.9325   99.4527    1500.0   0.0   0.0
TW	KMNB  24.4638  118.3882      54.0   0.0   0.0
YA	MC24  24.1662  102.8303    1896.0   0.0   0.0
YA	MC25  24.8860  103.6713    2050.0   0.0   0.0
YA	MC23  24.9340  101.5103    1850.0   0.0   0.0
YA	MC22  24.5320  100.2407    1064.0   0.0   0.0
YA	MC21  25.4875   99.6433    2476.0   0.0   0.0
YA	MC20  25.7780  100.6090    1562.0   0.0   0.0
YA	MC19  25.7292  101.8963    1173.0   0.0   0.0
YA	MC18  26.0598  103.1967    1346.0   0.0   0.0
YA	MC17  26.4707  101.7437    2476.0   0.0   0.0